0000000000000000000000000000000000000000
0111111111111111111111111111111111111110
0155555155555555111000000000000000011110
0155555555555555111000000000000000010110
0155555555555555100000000000000000010010
0155555555551555100001111111111110110410
0115555555555551100001555515551100000010
0155555555555555111011555555550010000110
0155555555555555000000155555551111111110
0155555555515555000000551555511110000110
0155155555555555111111111111111110000110
0155551555555551111111111000000111101110
0155555515555555111100111000000111000010
0155555555555555110000011110100110000410
0111111111111110000010000000100100000010
0111111110000111111111100100100100000010
0111100000000055100001110001100155700010
0110000000000055100001111111100155166610
0001001111111155100001100000000155555510
0001001000000155111111100000011155555510
0001210000000155555511100000011155555510
0001110000000155555511111011111151555510
0000000000000011115500000010000101000110
0000000000000001115500000010000101000010
0000000000000000001111000110000011110010
0000000000000000000001111110000000010010
0000000000000000000000000000000000010010
0000000000000000000000000000000000010010
0000000000000000000000000000000000003100