1111111111111111111111111111111111111111
1111111111111111111111111111111111111111
1155555155555555111000000000000000011111
1155555555555555111000000000000000010111
1155555555555555100000000000000000010011
1155555555551555100001111111111110110411
1115555555555551100001555515551100000011
1155555555555555111011555555550010000111
1155555555555555000000155555551111111111
1155555555515555000000551555511110000111
1155155555555555111111111111111110000111
1155551555555551111111111000000111101111
1155555515555555111100111000000111000011
1155555555555555110000011110100110000411
1111111111111110000010000000100100000011
1111111110000111111111100100100100000011
1111100000000055100001110001100155700011
1110000000000055100001111111100155166611
1001001111111155100001100000000155555511
1001001000000155111111100000011155555511
1001210000000155555511100000011155555511
1001110000000155555511111011111151555511
1000000000000011115500000010000101000111
1000000000000001115500000010000101000011
1000000000000000001111000110000011110011
1000000000000000000001111110000000010011
1000000000000000000000000000000000010011
1000000000000000000000000000000000010011
1111111111111111111111111111111111113111